%YAML:1.0
---
KL: !!opencv-matrix
   rows: 3
   cols: 3
   dt: d
   data: [ 3.4486292225556404e+03, 0., 1.5435000000000000e+03, 0.,
       3.4486292225556404e+03, 1.0315000000000000e+03, 0., 0., 1. ]
KR: !!opencv-matrix
   rows: 3
   cols: 3
   dt: d
   data: [ 3.5628889225742364e+03, 0., 1.5435000000000000e+03, 0.,
       3.5628889225742364e+03, 1.0315000000000000e+03, 0., 0., 1. ]
DL: !!opencv-matrix
   rows: 5
   cols: 1
   dt: d
   data: [ -1.2205085276941576e-03, -6.2310545301898812e-01, 0., 0.,
       3.9973550267343514e+00 ]
DR: !!opencv-matrix
   rows: 5
   cols: 1
   dt: d
   data: [ -1.5816734195648266e-01, 9.5527697008601020e-01, 0., 0.,
       -9.5206797543627242e-01 ]
R: !!opencv-matrix
   rows: 3
   cols: 3
   dt: d
   data: [ 9.9947538856739471e-01, 3.2324186283053204e-02,
       -2.0235190124448014e-03, -3.2322389134952285e-02,
       9.9947707658281792e-01, 9.1462892618329825e-04,
       2.0520255027579007e-03, -8.4874413244981134e-04,
       9.9999753440932726e-01 ]
T: [ -1.6731497218925240e+03, 1.8295892789860424e+01,
    3.5137712107202225e+02 ]
E: !!opencv-matrix
   rows: 3
   cols: 3
   dt: d
   data: [ 1.1394891679009664e+01, -3.5120890627880499e+02,
       1.7974468000746331e+01, 3.5462613051640767e+02,
       9.9379035079686719e+00, 1.6724345783051483e+03,
       3.5793901836714213e+01, -1.6728661925692491e+03,
       -1.4932890465685091e+00 ]
F: !!opencv-matrix
   rows: 3
   cols: 3
   dt: d
   data: [ -1.6512295611528091e-07, 5.0893553403055334e-06,
       -5.8930580811439523e-03, -5.1388742110167973e-06,
       -1.4400979412968191e-07, -7.5497778921606390e-02,
       3.7075878932977865e-03, 7.8662692920232702e-02, 1. ]
RL: !!opencv-matrix
   rows: 3
   cols: 3
   dt: d
   data: [ 9.7800639469130912e-01, 2.1111388408094869e-02,
       -2.0750373785161005e-01, -2.1369464808171531e-02,
       9.9977114882214724e-01, 9.9797628039361200e-04,
       2.0747731904167130e-01, 3.4582166396088351e-03,
       9.7823371584757490e-01 ]
RR: !!opencv-matrix
   rows: 3
   cols: 3
   dt: d
   data: [ 9.7859561756578628e-01, -1.0700943417878400e-02,
       -2.0551425033560236e-01, 1.0956515288338175e-02,
       9.9993997001171431e-01, 1.0557323667078505e-04,
       2.0550078358433013e-01, -2.3550335325116497e-03,
       9.7865411753248499e-01 ]
PL: !!opencv-matrix
   rows: 3
   cols: 4
   dt: d
   data: [ 3.5057590725649384e+03, 0., 2.4284701156616211e+03, 0., 0.,
       3.5057590725649384e+03, 1.0289174346923828e+03, 0., 0., 0., 1.,
       0. ]
PR: !!opencv-matrix
   rows: 3
   cols: 4
   dt: d
   data: [ 3.5057590725649384e+03, 0., 2.4284701156616211e+03,
       -5.9939567600709181e+06, 0., 3.5057590725649384e+03,
       1.0289174346923828e+03, 0., 0., 0., 1., 0. ]
Q: !!opencv-matrix
   rows: 4
   cols: 4
   dt: d
   data: [ 1., 0., 0., -2.4284701156616211e+03, 0., 1., 0.,
       -1.0289174346923828e+03, 0., 0., 0., 3.5057590725649384e+03, 0.,
       0., 5.8488227608159454e-04, 0. ]
