<?xml version="1.0"?>
<opencv_storage>
<calibration_time>"Sat 12 Dec 2020 10:10:10 PM CET"</calibration_time>
<nr_of_frames>50</nr_of_frames>
<image_width>3088</image_width>
<image_height>2064</image_height>
<board_width>9</board_width>
<board_height>6</board_height>
<square_size>50.</square_size>
<fix_aspect_ratio>1.</fix_aspect_ratio>
<!-- flags: +fix_aspectRatio +fix_principal_point +zero_tangent_dist +fix_k4 +fix_k5 -->
<flags>6158</flags>
<fisheye_model>0</fisheye_model>
<camera_matrix type_id="opencv-matrix">
  <rows>3</rows>
  <cols>3</cols>
  <dt>d</dt>
  <data>
    3.4800817364172740e+03 0. 1.5435000000000000e+03 0.
    3.4800817364172740e+03 1.0315000000000000e+03 0. 0. 1.</data></camera_matrix>
<distortion_coefficients type_id="opencv-matrix">
  <rows>5</rows>
  <cols>1</cols>
  <dt>d</dt>
  <data>
    -6.7533813430197737e-02 4.2495931400895381e-01 0. 0.
    -1.8451385411723659e-01</data></distortion_coefficients>
<avg_reprojection_error>7.8083714094733236e-01</avg_reprojection_error>
<per_view_reprojection_errors type_id="opencv-matrix">
  <rows>50</rows>
  <cols>1</cols>
  <dt>f</dt>
  <data>
    1.14396024e+00 1.10853469e+00 1.08053339e+00 6.93012416e-01
    8.68437588e-01 6.17543161e-01 7.74024308e-01 9.69737649e-01
    5.81863821e-01 7.68459022e-01 8.93601894e-01 6.91262841e-01
    8.35652649e-01 7.26508439e-01 8.69056225e-01 6.39051676e-01
    5.25931478e-01 5.28741479e-01 6.07340813e-01 6.54783905e-01
    5.64832032e-01 5.50362408e-01 7.37433553e-01 6.25295699e-01
    6.93925560e-01 6.27996385e-01 1.06029963e+00 9.34478462e-01
    1.13802862e+00 1.22944570e+00 5.98563313e-01 6.39273882e-01
    1.04406500e+00 6.33246541e-01 6.98148251e-01 6.99956715e-01
    8.22724223e-01 8.84531736e-01 9.72873926e-01 8.95252943e-01
    7.66299725e-01 9.09439504e-01 5.68141103e-01 5.68141103e-01
    5.68141103e-01 5.68141103e-01 5.68141103e-01 5.68141103e-01
    5.68141103e-01 5.68141103e-01</data></per_view_reprojection_errors>
<!-- a set of 6-tuples (rotation vector + translation vector) for each view -->
<extrinsic_parameters type_id="opencv-matrix">
  <rows>50</rows>
  <cols>6</cols>
  <dt>d</dt>
  <data>
    -4.1536282644731463e-02 6.8527692600615486e-01
    2.9442766476058493e+00 5.7727413364937945e+02 4.6828884981760467e+01
    1.3252420828198854e+03 -5.6322822587743071e-01
    6.9250173839854234e-01 2.7001222448512299e+00 2.5435392898340675e+02
    1.4575360592051974e+01 1.3516414661973597e+03
    -5.4631319414801494e-01 5.7491779981891911e-01
    2.7402076076950141e+00 2.0358490230099341e+02 1.3928061751953931e+02
    1.3967626757966943e+03 -8.2489295752291536e-01
    -4.6262333216902024e-01 -2.4439856391768977e+00
    2.4962954863700592e+01 2.1192592016105945e+02 1.3230415684636046e+03
    -4.5158757962139046e-01 -3.1559656711115847e-01
    -3.0104539080983628e+00 4.3711280803298604e+02
    2.1402248490171124e+02 1.4151319825689279e+03
    -4.4659807892052517e-01 -4.8348964106905878e-01
    -2.8635448845953775e+00 2.7509560563556460e+02
    2.0159363714042260e+02 1.3816332730031884e+03
    -6.0091384149228555e-01 3.1666992356143653e-01
    1.8497452564956143e+00 1.3966203703157228e+02
    -6.9011322402333562e+01 1.5908445674269847e+03
    -7.7695480232929948e-01 -6.5232349788222299e-01
    2.3413084568958653e+00 3.8857674626591631e+02
    -2.0921190949057660e+01 1.5519539649499327e+03
    3.5132506030848293e-01 3.0676490510561979e-03 3.0669820876628204e+00
    3.2662429929609601e+02 -1.3277215710124256e+02
    1.5368884431042331e+03 -3.8060651656388789e-01
    3.1196462238857375e-01 2.8140730005519337e+00 3.4066847351056248e+02
    -1.6024606218493139e+02 1.6660296315634098e+03
    -9.1726229506155721e-01 1.9603505725643611e-01
    2.5436455589023681e+00 1.0209545239523005e+02
    -1.6017683986360893e+01 1.6094441381781749e+03
    -6.2010420113536274e-02 6.7198214738142870e-01
    2.9504334767396818e+00 1.4644191852784206e+02 1.0862152356743429e+02
    1.5458355340537585e+03 1.8029702118458427e-01 6.8048082991243697e-01
    3.0412211961768802e+00 3.5649586082970904e+02 8.6795227132967000e+01
    1.4216553817966189e+03 -1.0469998078305209e-01
    7.6821617323966818e-01 2.7715240760540785e+00
    -7.4079004913637831e+01 6.2657547072200742e+01
    1.3988063419498928e+03 -3.6988179662602588e-01
    -2.3193073770953376e-01 2.8354134088291647e+00
    -3.3235223349514065e+01 -5.6851006522355057e+01
    1.4424701218526156e+03 -4.3223316150772301e-01
    5.9122040358478900e-01 -2.9858682989306020e+00
    -9.4624667351428791e+00 -2.5223472670472038e+01
    1.3747841942314053e+03 3.8635674796501381e-02 1.2972393222510051e-01
    3.0427855556836878e+00 -1.8774237023513473e+02
    3.3530742055225875e+02 1.5839133868708634e+03
    -1.3837274195431754e-01 -2.8112347901769091e-01
    -3.0718360189510214e+00 -2.5491645015254608e+02
    2.0088466796949675e+02 1.5863066238494425e+03 3.3167319617662977e-01
    5.6761611983457583e-01 3.0420558332085337e+00 2.3752856488217631e+01
    2.7909023667300175e+02 1.4814899690823559e+03
    -9.0369065975532004e-01 -4.7962884364393193e-01
    -2.6002644317605603e+00 1.3925642095545088e+01
    3.3996784684394061e+02 1.4157330963525644e+03
    -6.4780279766579285e-01 -2.0396812646520932e-01
    -2.8423713849671670e+00 2.6006784603687748e+01
    2.3627064828582999e+02 1.4384629858752437e+03
    -4.5841370830841582e-01 -1.7022840311702786e-01
    -2.8640658819590055e+00 4.6088946768686341e+01
    1.1198051571225560e+02 1.3916028274791290e+03
    -3.5181345924993490e-01 -5.6917497945352347e-01
    -2.7644394908352146e+00 8.1307516500556460e+01
    -5.0136634578204742e+01 1.3148379569568776e+03
    -8.9912150225782905e-01 -5.0560653913815579e-01
    -2.6510677051394622e+00 9.0029789118050729e+01
    3.3106097632291852e+02 1.4724462582226392e+03
    -6.3129086202717566e-01 -7.3076174722658715e-01
    -2.7838052459978031e+00 1.6536842644791057e+02
    6.6607298097076253e+01 1.3042054519980686e+03
    -4.9994894042740728e-01 1.1387138595429092e-01
    -3.0508302207820805e+00 3.6243209112480207e+02
    -5.6927864932292785e+01 1.3095927717570346e+03
    -3.8887038481159758e-01 -3.3055901401133858e-01
    -3.0273348842178640e+00 4.5414675898016179e+02
    2.8813016957345388e+02 1.4514536312380205e+03
    -3.2759973516535768e-01 -3.8952869443817356e-01
    -2.9817443457004180e+00 4.4102136912390483e+02
    1.4365962606177706e+02 1.3991006130438068e+03 1.6719624269777777e-01
    -5.9919423475967501e-02 2.9128974828286927e+00
    4.2323743462978024e+02 5.0860397498123895e+01 1.2118666689428255e+03
    -3.7045222647443525e-02 2.3400477497048619e-01
    2.9106869992726958e+00 3.2216715054189655e+02
    -1.9834498942576473e+00 1.1908253558833742e+03
    -8.4945296833321438e-01 1.7693507983285653e-01
    4.3105815649820634e-01 3.2643524050741706e+02 1.0415166992889573e+02
    2.0502360099759030e+03 -3.6098523401156518e-01
    -3.5767098712306780e-02 1.4454686757106656e-02
    1.9832001133093434e+02 -1.0677358433241008e+02
    1.7793731118833109e+03 2.3947485157609008e-01
    -1.6326905028139174e-02 3.1267171916599406e+00
    3.6742725732389073e+02 9.3837654915802659e+01 1.2598022316073464e+03
    -3.3338896959988551e-01 -5.1599320310244244e-02
    -3.0025345422405647e+00 1.2195048861001912e+02
    1.4426211380169738e+02 1.2480981816458864e+03
    -5.5049555697533947e-01 -6.3470284410191069e-01
    -2.9905913997944049e+00 2.9093857078397196e+01
    2.3254453256800068e+02 1.2945260930358033e+03 4.8660664101070294e-01
    6.2456575908166301e-01 2.9663801490817390e+00 1.1791136070656141e+02
    2.8410018860597563e+02 1.2916079108237634e+03 2.5609673202348071e-01
    1.9343218738449958e-01 2.8576593294065935e+00 2.3346502174952946e+02
    8.3273068196447824e+01 1.2503890873919379e+03
    -1.8923998486148569e-01 -2.2950915386248374e-01
    2.9227798269992125e+00 2.5942133452400537e+02 3.1477103929795597e+01
    1.2821083318336664e+03 -6.5564896255990701e-01
    3.1785335016167543e-01 -2.9636617997361352e+00
