<?xml version="1.0"?>
<opencv_storage>
<calibration_time>"Sat 12 Dec 2020 10:01:28 PM CET"</calibration_time>
<nr_of_frames>50</nr_of_frames>
<image_width>3088</image_width>
<image_height>2064</image_height>
<board_width>9</board_width>
<board_height>6</board_height>
<square_size>50.</square_size>
<fix_aspect_ratio>1.</fix_aspect_ratio>
<!-- flags: +fix_aspectRatio +fix_principal_point +zero_tangent_dist +fix_k4 +fix_k5 -->
<flags>6158</flags>
<fisheye_model>0</fisheye_model>
<camera_matrix type_id="opencv-matrix">
  <rows>3</rows>
  <cols>3</cols>
  <dt>d</dt>
  <data>
    3.4410974267806205e+03 0. 1.5435000000000000e+03 0.
    3.4410974267806205e+03 1.0315000000000000e+03 0. 0. 1.</data></camera_matrix>
<distortion_coefficients type_id="opencv-matrix">
  <rows>5</rows>
  <cols>1</cols>
  <dt>d</dt>
  <data>
    -5.4906872190614894e-02 3.3634514621494072e-01 0. 0.
    2.9386608184302543e-01</data></distortion_coefficients>
<avg_reprojection_error>8.1731857311874423e-01</avg_reprojection_error>
<per_view_reprojection_errors type_id="opencv-matrix">
  <rows>50</rows>
  <cols>1</cols>
  <dt>f</dt>
  <data>
    1.19848430e+00 1.02926791e+00 9.87828374e-01 8.10059488e-01
    6.19038463e-01 6.12417698e-01 7.18531728e-01 6.42350793e-01
    8.61030459e-01 9.52855945e-01 4.86115336e-01 7.42328882e-01
    8.07667851e-01 6.74690545e-01 7.51466990e-01 6.69554889e-01
    4.99337286e-01 5.95142901e-01 5.83947420e-01 4.96485680e-01
    6.50978506e-01 6.47674978e-01 7.39271939e-01 6.68570697e-01
    6.59033298e-01 8.23451281e-01 7.04704940e-01 7.93536127e-01
    5.70842147e-01 6.43242478e-01 6.95795953e-01 7.41038382e-01
    9.02897358e-01 1.35007143e+00 1.21214712e+00 1.05094302e+00
    1.60049653e+00 1.08297455e+00 5.76009035e-01 6.19546711e-01
    8.06057513e-01 7.88138449e-01 6.99322522e-01 8.91749382e-01
    5.61786175e-01 5.16582429e-01 1.28765130e+00 6.52892947e-01
    7.43396938e-01 7.43396938e-01</data></per_view_reprojection_errors>
<!-- a set of 6-tuples (rotation vector + translation vector) for each view -->
<extrinsic_parameters type_id="opencv-matrix">
  <rows>50</rows>
  <cols>6</cols>
  <dt>d</dt>
  <data>
    -3.0946656522129579e-02 6.9230710089825287e-01
    2.9063130696374331e+00 3.3034703501939146e+02 3.3264395747595231e+01
    1.3028218576978884e+03 -5.5413226923542447e-01
    7.0488097499388414e-01 2.6611835484352824e+00 9.6782344250658312e+00
    1.1519114316158040e+01 1.3305189791433368e+03
    -5.3491340364917639e-01 5.9539382829803067e-01
    2.6967922394278401e+00 -3.7466330596362738e+01
    1.3882925516667802e+02 1.3736289961543680e+03
    -8.4428339424831755e-01 -4.5156512810900579e-01
    -2.4852872894249578e+00 -2.1492463845596473e+02
    2.1968606326235465e+02 1.3048393667397456e+03
    -4.4586354469498540e-01 -3.0340024365795165e-01
    -3.0552347192468945e+00 1.9878446488797721e+02
    2.0623302648728523e+02 1.4005194183889312e+03
    -4.5663592219110416e-01 -4.8053305472837821e-01
    -2.9067196097896737e+00 3.6882926472480257e+01
    1.9931319245148259e+02 1.3645116899368288e+03
    -6.9168813783323246e-01 5.8677571374909510e-01
    -2.8311226116302630e+00 1.2135898597220792e+02
    7.8291350801531138e+01 1.4554527835244696e+03
    -5.8781670752826642e-01 3.4714145433952770e-01
    1.8050104628357129e+00 -1.1228034940689879e+02
    -6.5760430569477506e+01 1.5727756519677434e+03
    -7.8507751259014447e-01 -6.2956674151247272e-01
    2.3092873502254454e+00 1.4150305938703079e+02
    -2.6685262848632650e+01 1.5342843853001043e+03
    2.1173845536242800e-01 -1.1224066895186398e+00
    2.8933413592937605e+00 -8.8812255000786138e+01
    -6.8671052260953374e+01 1.3871614992820423e+03
    3.2932694773858340e-01 8.2436980583482766e-03 3.0360479843097936e+00
    7.6953963396673316e+01 -1.3859112335796820e+02
    1.5235988871030888e+03 -3.8707866210534780e-01
    3.3784137433704858e-01 2.7700818826604356e+00 8.7749284763991810e+01
    -1.6301224046324882e+02 1.6430666438877822e+03
    -9.0955674383783158e-01 2.1785304922268250e-01
    2.5087313476318540e+00 -1.4429180210568992e+02
    -1.1763106139515783e+01 1.5868314279045323e+03
    -7.7010094540784835e-02 6.6842271612254611e-01
    2.9043434186917838e+00 -9.3027250027691807e+01
    1.1103608265776529e+02 1.5253272521319270e+03 1.8666585140826586e-01
    6.6512787681803420e-01 2.9984707491316183e+00 1.0744753016962299e+02
    8.2843390450492379e+01 1.4017965378421445e+03 7.5530584110706497e-02
    7.9606612861846260e-01 2.4220512382811699e-01 1.5152398343243274e+02
    -4.2980738774423457e+02 1.9392226284914691e+03
    2.8116323206547283e-01 6.4238552352103392e-02 6.0206795459979486e-02
    -6.5537338168900465e+02 -2.7313059449818581e+02
    1.7890377639435990e+03 -3.2882588281974601e-01
    4.7921692491896800e-01 3.1567028391312907e-01
    -5.6776334047840081e+01 -1.6034793738670444e+01
    1.9636222886616147e+03 3.7043309074597924e-01 5.3298635492631474e-01
    -1.1109247152974125e-01 -3.9762767982546414e+01
    -2.2196347888896031e+02 1.8934334303057756e+03
    2.9685046050675351e-01 -5.0528144612263837e-01
    -3.2842456752190202e-01 -4.1380630968893723e+02
    -1.1582300594297715e+02 1.6082829556516169e+03
    2.5081715947550304e-01 4.3293783967684102e-01 3.4731358755809578e-02
    -5.5130906870789443e+02 -3.5648732004422732e+02
    1.9766167555242480e+03 3.3147020042895647e-01 5.5137171514144789e-01
    3.0066908739822700e+00 -2.1386772378012026e+02
    2.8680669547514356e+02 1.4628368774046205e+03
    -9.1571437583207227e-01 -4.6990154968068087e-01
    -2.6374407719314035e+00 -2.1985126500024779e+02
    3.4804331966006276e+02 1.3953201549120336e+03
    -6.5393705388669754e-01 -1.9464197045275217e-01
    -2.8816816223772284e+00 -2.1212208508253647e+02
    2.4295657934465203e+02 1.4168248733664532e+03
    -4.6054628859479108e-01 -1.5958287094011689e-01
    -2.9036360625362487e+00 -1.9603925273330404e+02
    1.1926992998322332e+02 1.3732169673479345e+03
    -3.5269018417789960e-01 -5.6615080906539839e-01
    -2.7989142260816786e+00 -1.6663256534670947e+02
    -4.4185358706838002e+01 1.2976222664501456e+03
    -9.1156797499885289e-01 -5.0343017625899800e-01
    -2.6843847850667899e+00 -1.4387303625753961e+02
    3.3614115998230415e+02 1.4505494085733512e+03
    -6.6189774575440885e-01 -7.5462827744087813e-01
    -2.8079507294107482e+00 -7.8486658956742176e+01
    6.2497158401253785e+01 1.2838681340786341e+03
    -4.9954060070387485e-01 1.3095583211469172e-01
    -3.0864789298325177e+00 1.1442735718615546e+02
    -6.3234111177214807e+01 1.2965625958276910e+03
    -3.8297773312138611e-01 -3.1772790252790817e-01
    -3.0717600292444711e+00 2.1991592648280758e+02
    2.7971141889611516e+02 1.4364076600181477e+03
    -3.2253247095075877e-01 -3.9175325156904361e-01
    -3.0208323597392619e+00 1.9919029711966988e+02
    1.3588333033562316e+02 1.3823340251607838e+03 1.6160304614758525e-01
    -8.1144730316874691e-03 2.8731545274040200e+00
    1.7911862596375761e+02 4.3391269992436143e+01 1.1968692174017840e+03
    -6.3686656298558422e-02 2.3722941109404586e-01
    2.8785022697272216e+00 8.1477426533113913e+01
    -6.6122810153303977e+00 1.1761904826572372e+03
    -2.3958122890789174e-01 -2.9360454937066260e-01
    2.9171579394642944e+00 4.5432321327756284e+02
    -2.3920816557891000e+00 1.2623161146142822e+03
    -3.5504601736903112e-02 -1.5704494023183226e-02
    3.0139427037618214e+00 4.6212802987637235e+02 1.2760678455180461e+02
    1.2550601411696171e+03 1.1930965909800670e-01 4.9254925923647455e-02
    2.9615034638433402e+00 5.1071639335614964e+02 2.4353336770771966e+02
    1.3014305417812341e+03 -5.5041979798192441e-02
    2.1361293925965821e-01 3.0255998953728893e+00 4.3102189795119062e+02
    2.6973600417602239e+02 1.3306653990464390e+03 1.1698682505646098e-03
    -7.7761925132447077e-02 2.9841996000193252e+00
    3.2096583485024780e+02 5.6197507037005302e+01 1.2504727980635716e+03
    2.2520631825292328e-01 -6.4653965390990067e-03
